[app/ui]
version = 8.2.4
modtime = 1643199817.666745000

[app/launcher]
version = 8.2.4
modtime = 1643199817.673551000

[indexes/appscope]
owner = admin
version = 8.2.4
modtime = 1643199843.850767000

[app/install/state]
version = 8.2.4
modtime = 1643203557.898657000
